93.847735
98.989204
99.092144
98.006206
95.627558
92.410205
89.331933
87.284449
86.459103
86.457569
86.766961
87.056120
87.220448
87.288290
87.319465
87.351640
87.391529
87.426416
87.435432
87.394632
87.277329
87.052027
86.679550
86.110188
85.281377
84.118238
82.542810
80.485565
77.901675
74.838972
71.434025
67.885978
64.387657
61.014712
57.741287
54.551318
51.464927
48.555676
45.915506
43.582974
41.544412
39.764039
38.199569
36.810669
35.562308
34.425736
33.378812
32.405698
31.495730
30.641818
29.839318
29.085782
28.380821
27.725060
27.118471
26.559427
26.044929
25.571369
25.135174
24.733115
24.362359
24.020380
23.704845
23.413527
23.144269
22.895000
22.663760
22.448737
22.248297
22.060994
21.885579
21.720987
21.566329
21.420872
21.284014
21.155265
21.034221
20.920545
20.813948
20.714173
20.620985
20.534156
20.453465
20.378688
20.309599
20.245967
20.187557
20.134128
20.085437
20.041233
20.001263
19.965271
19.932998
19.904182
19.878564
19.855890
19.835914
19.818402
19.803131
19.789894
19.778497
19.768759
19.760508
19.753583
19.747829
19.743096
19.739244
19.736137
19.733650
19.731666
19.730083
19.728811
19.727776
19.726920
19.726200
19.725588
19.725069
19.724640
19.724304
19.724075
19.723968
19.724005
19.724206
19.724593
19.725187
19.726009
19.727077
19.728408
19.730016
19.731914
19.734114
19.736623
19.739450
19.742601
19.746080
19.749891
19.754036
19.758516
19.763335
19.768491
19.773985
19.779819
19.785992
19.792506
19.799362
19.806561
19.814107
19.822003
19.830254
19.838868
19.847852
19.857217
19.866975
19.877143
19.887738
19.898782
19.910302
19.922328
19.934895
19.948043
19.961821
19.976281
19.991484
20.007500
20.024405
20.042282
20.061224
20.081328
20.102693
20.125417
20.149594
20.175304
20.202608
20.231540
20.262100
20.294256
20.327934
20.363028
20.399399
20.436880
20.475288
20.514424
20.554081
20.594049
20.634116
20.674070
20.713697
20.752781
20.791100
20.828425
20.864522
20.899156
20.932091
20.963107
20.992002
21.018610
21.042802
21.064499
21.083676
21.100359
